903 148 46 164 670 193 101 868 316 262 109 784 908 429 436 73 44 374 816 36 301 223 176 62 681 139 447 969 209 607 659 726 686 735 750 304 601 756 300 952 635 32 667 650 510 190 594 848 50 401 509 268 177 869 588 714 717 718 963 174 63 167 492 673 231 761 761 643 123 568 966 973 163 773 165 568 122 542 815 721 856 895 874 638 536 177 652 321 687 703 911 443 934 768 737 478 556 541 14 540
520 470 933 956 827 479 938 919 993 235 298 224 241 441 242 577 739 383 534 486 162 151 127 402 297 362 719 71 568 694 739 335 19 876 932 548 258 303 646 283 538 35 484 438 950 289 47 371 969 210 3 897 221 973 351 827 15 959 512 931 779 969 200 697 452 948 937 614 746 333 599 423 764 292 862 758 58 745 226 930 162 285 254 416 725 594 752 741 418 414 631 949 90 252 994 495 825 862 564 187
689 132 422 475 500 100 589 115 988 173 750 890 281 274 416 224 668 679 594 417 707 82 307 485 624 737 741 518 584 158 91 604 786 243 368 157 582 929 800 130 433 413 73 43 505 983 880 844 495 292 866 35 81 953 280 268 196 278 492 116 349 318 108 651 953 495 449 294 129 570 250 508 319 197 195 946 791 529 958 812 834 102 710 578 680 657 446 496 88 535 530 797 84 721 43 878 139 412 964 13
973 590 382 60 986 262 403 785 583 796 406 471 475 568 676 135 837 439 957 169 883 769 645 761 891 949 183 667 979 563 796 458 968 750 694 1 775 633 809 516 889 383 406 487 694 556 372 556 686 610 393 918 516 5 354 928 191 459 272 777 784 462 291 653 836 454 619 818 743 166 722 507 488 851 398 409 300 242 742 455 58 459 774 930 322 559 690 365 32 112 906 155 846 335 638 770 265 680 549 62
292 48 354 506 290 411 465 159 71 854 148 507 29 16 934 429 15 147 317 166 150 114 848 951 687 621 29 534 89 794 368 117 925 58 842 46 139 634 212 574 585 423 106 524 719 81 738 950 439 879 288 779 258 817 724 55 479 828 576 961 132 572 790 660 537 420 641 1 190 982 0 921 576 409 300 711 650 66 538 989 407 940 2 396 964 871 928 816 922 69 335 111 420 652 408 272 820 743 791 391
797 509 991 951 379 57 401 588 15 798 835 266 240 403 806 344 119 269 945 195 833 187 489 163 485 876 673 167 805 132 510 247 737 336 850 676 478 147 228 697 285 131 188 69 17 458 792 659 897 893 86 430 662 331 582 432 763 143 841 686 490 323 66 366 875 65 951 536 456 622 132 188 122 847 895 40 798 779 88 377 732 155 361 441 507 570 943 867 256 656 850 950 261 938 316 621 80 861 982 846
599 776 550 460 829 79 880 122 172 991 319 157 14 239 179 87 831 237 851 422 457 236 908 185 795 947 890 734 899 441 86 247 61 669 702 685 627 102 744 905 564 630 332 392 976 716 912 670 300 266 352 528 222 390 589 888 746 199 700 477 790 439 39 556 391 294 499 466 107 297 111 786 381 471 928 535 777 68 173 478 870 183 377 491 899 441 890 593 217 825 775 733 413 805 574 982 423 989 109 204
347 60 31 684 362 841 791 715 985 346 716 526 650 175 738 443 921 89 634 981 182 114 767 737 550 1 105 633 528 540 355 909 212 264 86 761 184 898 880 4 289 100 52 278 336 392 850 576 84 410 208 105 225 623 778 945 672 775 831 237 46 877 549 950 121 464 228 945 757 204 904 575 728 99 230 663 388 817 873 169 827 732 179 289 92 605 467 688 185 550 670 176 673 855 689 772 130 401 276 168
854 887 723 789 908 328 488 710 129 607 736 959 660 636 963 881 448 515 922 852 604 115 870 333 345 777 439 436 469 729 725 660 450 900 748 431 468 593 553 811 353 515 321 633 131 523 606 351 462 222 580 424 550 355 866 639 625 527 24 329 292 16 953 742 332 357 147 467 518 544 181 90 911 992 415 640 378 937 823 997 702 777 248 452 56 916 297 745 229 583 338 183 119 39 656 786 383 21 209 656
784 225 428 769 650 165 84 28 277 130 140 967 920 896 470 936 524 756 654 481 82 303 821 115 823 809 708 9 155 576 350 500 525 908 491 941 760 725 665 43 656 290 188 768 540 291 621 110 19 198 280 350 171 237 601 399 34 603 27 383 784 216 745 734 621 49 529 689 952 199 365 921 170 27 536 618 101 925 83 44 23 276 83 423 250 497 590 158 946 485 994 625 443 340 23 44 242 225 243 565
176 256 627 931 44 793 927 198 462 590 44 349 243 898 177 215 466 164 179 534 3 161 446 156 58 741 766 682 604 689 607 619 923 524 65 670 161 991 607 168 354 340 525 511 850 387 191 19 959 50 490 416 194 480 265 335 898 46 275 995 32 543 387 372 642 831 436 313 85 986 896 432 677 479 246 641 591 868 807 775 909 924 671 349 804 577 871 61 93 292 239 977 225 64 509 632 989 27 527 808
754 878 404 498 974 511 149 361 125 888 624 666 382 514 621 610 330 997 258 413 352 384 163 137 606 508 66 236 33 980 42 91 956 905 314 24 761 546 166 525 262 788 109 687 841 514 580 94 859 350 320 17 332 388 71 258 226 771 496 322 98 398 498 531 692 105 43 747 963 786 800 903 0 730 487 774 350 552 426 374 211 575 686 764 723 392 19 780 711 775 822 309 846 386 145 863 665 960 585 213
618 659 565 14 217 190 97 611 13 69 756 199 226 133 438 936 671 151 427 543 732 175 628 950 158 99 163 545 937 126 646 330 361 490 548 799 60 933 464 636 244 790 715 216 941 793 603 719 903 180 900 425 371 119 524 50 241 910 482 598 588 188 981 950 688 294 938 33 838 901 84 299 392 377 481 884 511 287 397 124 970 390 596 771 160 642 957 664 359 484 255 742 1 35 45 290 845 87 824 521
975 251 6 202 666 826 972 480 273 371 231 676 761 781 497 426 223 360 841 706 101 12 791 70 458 831 672 69 475 283 510 363 892 95 807 16 723 592 422 8 124 949 862 16 33 171 606 425 850 997 64 434 979 735 824 789 902 675 169 568 601 116 351 404 426 178 668 745 760 39 931 203 74 607 816 154 172 449 549 192 838 69 752 362 582 783 200 572 660 2 110 381 741 298 246 73 779 202 356 678
468 638 847 887 149 565 963 181 753 158 84 638 274 307 255 628 512 5 223 185 749 982 407 382 392 341 827 930 886 964 11 317 813 528 309 660 653 233 306 577 395 695 988 549 132 454 120 911 580 951 907 726 990 194 473 444 722 944 570 445 205 509 174 386 895 323 730 428 432 747 992 283 221 412 968 505 566 992 744 921 395 525 67 353 591 892 523 227 581 199 610 561 292 423 664 467 109 455 481 326
681 889 633 998 954 661 776 28 815 50 728 812 551 837 276 766 151 120 811 865 20 585 297 952 347 112 934 810 532 482 718 629 96 451 483 138 873 265 359 546 959 924 808 893 38 133 787 28 60 687 149 360 758 386 127 621 303 34 512 940 544 850 979 784 351 286 892 631 337 556 559 275 14 224 207 686 157 960 576 272 221 292 180 962 222 616 663 921 291 68 793 480 292 672 474 932 646 960 473 330
323 719 471 10 994 247 956 796 970 51 937 513 809 316 435 535 640 481 304 204 245 669 763 615 285 485 665 485 188 586 73 6 297 805 906 749 159 815 110 203 736 892 202 737 138 917 275 917 421 365 850 509 719 403 390 551 307 593 560 33 662 516 615 362 923 106 672 880 674 515 876 987 725 87 699 470 966 235 475 600 870 21 420 506 901 91 22 478 894 551 960 944 127 447 106 592 16 163 96 217
425 816 92 557 510 777 400 434 253 420 124 535 236 86 46 928 287 853 547 599 756 16 635 585 504 109 523 679 400 866 343 644 351 961 764 421 851 359 901 55 98 407 687 386 498 752 771 233 40 856 286 829 31 631 814 823 926 184 507 541 410 350 197 333 475 689 741 365 947 68 120 182 385 372 991 881 314 713 746 974 820 637 662 312 923 483 280 506 341 844 611 858 767 450 702 584 482 822 29 141
802 508 725 211 246 207 796 62 16 382 283 718 403 863 240 908 436 289 770 34 684 0 44 120 497 555 528 686 230 926 297 853 192 358 384 587 322 396 956 506 482 55 272 444 732 800 810 638 784 162 259 35 226 42 185 606 494 845 909 437 22 92 824 108 620 721 159 802 333 861 388 998 72 497 240 515 902 568 404 480 752 834 172 666 836 334 394 643 70 534 201 168 98 468 678 868 360 392 777 162
142 491 547 806 26 526 0 581 626 42 275 842 97 523 497 434 102 589 803 918 571 927 701 334 8 247 923 106 724 884 856 428 620 536 148 572 623 315 263 21 819 382 57 564 13 196 368 717 204 213 225 935 154 464 125 866 191 758 717 789 741 219 209 146 310 222 768 615 118 790 879 495 124 272 732 614 308 825 949 578 82 403 485 140 326 614 457 637 100 768 150 365 634 674 697 517 303 570 1 330
316 218 605 45 188 13 2 766 37 920 781 51 447 469 119 320 184 867 299 736 382 26 513 446 79 325 440 411 575 295 863 649 232 929 903 838 432 461 212 209 7 98 411 235 120 610 443 32 739 301 913 243 391 528 982 673 586 343 206 208 673 339 814 215 721 414 123 888 642 291 535 228 370 365 560 85 806 306 756 611 971 490 355 9 0 888 235 594 622 590 368 895 917 727 484 954 686 215 56 321
225 129 540 218 65 838 64 230 199 35 616 235 651 911 149 131 567 80 341 883 451 463 639 816 88 489 300 982 262 560 341 275 26 900 651 429 880 663 301 500 816 992 54 722 50 629 866 382 190 601 790 691 935 219 24 213 544 493 270 224 644 346 212 55 53 509 989 529 371 183 977 842 195 626 96 403 436 924 61 367 488 655 129 357 151 809 934 30 75 23 955 538 192 311 586 402 988 936 601 339
625 444 138 430 264 95 501 581 385 631 925 286 470 632 49 874 584 890 15 342 823 937 948 876 655 672 445 663 66 257 110 283 21 342 422 378 269 306 256 297 473 214 958 18 974 230 309 979 139 638 401 777 909 565 520 964 227 133 517 107 570 124 804 71 970 442 985 98 220 899 956 234 891 477 26 384 42 789 597 788 513 36 563 999 223 759 418 362 396 810 196 743 962 886 696 966 403 116 520 976
624 740 940 857 324 52 40 871 522 593 271 612 133 848 660 397 30 231 625 72 771 824 927 396 182 831 305 59 125 829 646 251 915 260 556 278 153 491 802 940 122 249 41 7 35 190 895 328 8 516 518 254 893 747 46 461 995 816 460 967 864 497 599 469 419 198 280 419 168 115 226 894 891 300 116 557 571 91 304 333 794 624 597 310 609 698 778 674 993 495 783 402 248 606 964 393 997 470 329 222
901 630 50 358 730 92 699 276 718 880 404 25 940 462 257 886 906 941 384 657 912 869 70 276 50 592 859 25 246 680 255 691 550 242 403 298 781 401 898 79 590 560 804 576 897 12 394 95 909 334 286 234 752 261 461 27 426 368 882 513 623 40 511 758 235 357 162 207 329 952 211 598 108 950 963 490 777 486 766 355 605 890 374 420 529 175 549 941 986 890 659 237 725 291 224 720 456 229 802 641
911 549 818 665 83 546 330 739 231 146 903 427 986 416 570 169 494 37 174 418 364 207 896 931 414 929 604 905 514 448 566 104 571 464 777 454 852 718 201 157 817 768 529 507 543 184 18 834 874 382 148 622 236 572 870 497 557 221 853 526 816 863 894 126 820 966 603 740 369 903 338 584 937 604 784 550 269 514 701 903 363 931 119 298 429 193 731 662 92 814 874 624 730 15 135 164 962 389 630 897
239 763 803 63 816 479 414 972 194 283 519 175 843 29 615 802 374 22 443 672 677 491 552 433 900 454 141 803 124 424 7 293 263 27 247 3 409 165 499 761 72 30 212 347 826 290 235 391 281 387 321 513 486 902 542 53 481 880 292 969 122 825 792 983 962 467 950 204 764 460 280 376 170 284 104 989 484 997 429 991 38 544 9 325 228 192 156 320 906 114 559 464 476 661 210 377 723 696 849 829
274 599 492 171 908 672 996 724 863 810 284 530 140 401 594 237 626 562 142 695 709 636 680 195 87 342 501 66 663 427 871 510 765 264 737 735 368 571 158 475 386 670 248 315 877 825 530 407 926 235 237 575 458 206 946 870 814 858 195 367 437 394 432 438 951 202 938 238 31 160 812 111 159 886 720 421 569 119 160 387 309 849 724 103 220 448 229 631 208 64 253 401 6 860 467 325 341 721 280 597
127 564 426 391 844 247 929 241 296 717 514 866 516 969 265 532 959 162 351 169 213 408 92 426 132 959 446 214 280 554 313 701 827 479 591 751 927 18 831 613 43 307 554 330 434 112 111 50 817 931 561 33 493 639 90 579 116 782 932 104 169 371 2 104 986 20 723 176 628 690 938 785 20 285 535 941 875 460 165 392 576 870 857 960 306 817 983 300 471 123 442 876 201 371 621 678 169 63 502 651
901 881 139 750 218 527 202 268 714 643 999 905 774 677 749 102 84 331 469 605 193 890 928 977 432 385 283 263 564 579 839 880 349 432 553 275 627 96 832 723 899 549 54 592 717 258 641 989 856 773 62 903 281 882 463 817 935 981 54 136 61 165 44 269 879 226 5 762 116 822 494 936 832 15 187 467 756 69 283 427 640 897 502 417 166 694 862 81 18 341 973 510 3 808 974 335 595 600 671 24
765 751 919 228 417 764 843 104 350 987 928 632 904 16 15 401 931 993 218 809 128 194 178 357 98 627 813 844 2 406 572 772 235 322 4 379 548 538 127 842 14 240 525 768 126 765 221 736 142 409 635 105 910 175 311 184 507 151 540 887 702 211 40 710 68 987 966 661 246 519 444 469 19 862 78 752 676 205 422 92 378 946 834 663 919 648 912 598 471 522 810 174 194 513 60 711 479 495 947 197
721 512 940 290 409 120 22 832 632 263 304 628 143 250 839 978 755 869 989 773 93 598 244 252 772 955 894 162 212 349 535 560 515 308 239 520 422 600 564 969 294 857 152 994 415 191 718 509 31 574 671 357 566 453 952 555 925 503 262 335 766 951 359 513 351 710 563 545 857 973 100 905 597 268 259 367 884 380 108 382 171 864 508 155 133 438 568 25 670 920 616 193 542 870 382 161 165 124 553 889
413 789 155 431 57 291 628 761 312 938 873 82 610 31 884 125 340 493 686 668 925 585 13 296 353 49 410 919 348 268 434 351 429 943 797 539 621 360 700 105 680 416 297 437 462 571 770 54 374 796 723 393 795 67 259 351 66 276 564 946 891 840 959 236 791 963 655 829 770 437 990 982 439 538 331 488 445 260 73 896 429 891 815 374 969 918 423 524 767 590 696 149 802 299 845 468 513 398 39 706
850 719 413 146 883 534 93 388 769 267 276 157 596 826 373 318 722 456 877 388 185 933 684 442 140 536 857 311 949 556 478 433 658 941 288 672 102 301 915 676 375 665 526 130 332 63 762 833 838 25 338 965 890 666 294 97 414 604 237 743 225 624 368 925 918 389 443 100 405 304 573 825 522 180 358 428 621 622 196 652 827 153 553 689 530 25 297 103 385 324 674 733 957 13 983 475 538 731 987 583
313 724 856 839 273 749 368 623 872 253 323 326 374 947 734 998 101 361 550 230 485 266 295 78 142 280 207 276 707 751 375 489 599 187 841 799 480 407 296 10 57 930 434 983 282 159 804 675 893 802 433 121 678 978 288 891 848 320 301 824 432 989 276 979 833 379 35 420 74 34 313 29 6 572 637 339 41 498 301 45 324 161 654 643 0 670 38 779 534 948 569 356 985 816 895 869 814 617 397 700
304 771 127 512 659 782 820 409 243 979 46 363 471 782 672 541 98 473 534 377 229 851 962 550 321 155 359 333 461 67 612 451 887 256 554 383 792 818 864 774 465 816 465 587 783 81 164 237 312 359 962 111 116 927 909 142 455 536 692 12 296 243 913 520 382 865 758 830 540 507 391 310 449 724 94 778 47 945 438 599 438 192 642 211 276 691 757 3 54 180 636 711 585 118 334 112 717 190 535 986
268 976 222 986 926 397 626 471 372 474 683 173 569 696 900 554 608 262 703 762 674 194 420 513 434 507 996 160 617 133 189 203 845 806 146 93 282 861 531 489 623 18 345 302 174 33 581 43 585 259 344 497 785 912 792 833 803 893 333 383 516 999 296 665 582 546 317 251 215 593 491 951 100 956 483 432 799 81 118 686 225 283 225 338 789 833 54 124 573 219 318 613 421 174 244 328 308 222 868 746
990 345 758 35 45 148 691 43 934 953 129 768 458 55 504 32 568 169 915 741 766 300 943 520 801 337 864 352 515 790 130 817 129 535 522 850 405 390 742 993 507 630 631 355 146 448 8 219 155 368 583 144 976 643 487 626 197 246 516 767 465 395 966 291 19 111 192 344 94 358 194 614 41 49 58 18 672 217 496 694 900 485 990 176 363 789 379 850 217 969 593 390 717 888 114 602 821 943 3 743
474 525 922 134 174 358 426 239 263 172 835 401 506 687 903 867 124 605 265 780 944 516 297 232 162 761 101 565 191 730 608 162 996 369 460 466 73 477 538 880 510 829 480 847 111 488 584 750 439 577 642 42 280 999 994 939 872 163 192 124 279 65 674 399 56 149 650 631 656 296 666 661 535 311 523 63 598 893 471 788 836 653 307 326 446 875 557 41 989 980 575 326 393 703 44 840 58 239 817 217
880 807 478 408 656 154 951 907 502 509 320 744 366 397 345 35 122 919 936 343 215 772 9 965 999 53 796 724 120 43 6 494 984 980 64 61 644 560 403 52 838 863 700 365 962 876 791 785 545 602 158 759 28 116 682 90 996 104 110 768 409 960 823 868 299 679 106 430 568 880 252 659 432 28 973 487 722 328 644 785 400 396 26 228 517 347 177 402 598 519 669 738 95 639 246 456 851 350 133 815
538 893 423 919 382 580 837 75 328 586 628 502 319 544 365 868 237 440 670 450 271 581 741 788 33 728 689 907 551 426 999 462 592 630 540 48 953 856 803 104 694 782 490 49 359 142 869 163 245 941 327 566 398 536 401 790 806 554 683 257 843 923 983 912 335 559 175 299 219 13 408 577 743 435 505 57 219 963 833 831 10 842 314 863 674 843 641 397 850 331 219 223 659 637 126 78 200 363 533 796
123 848 722 20 681 807 831 793 848 634 679 44 828 736 567 266 769 546 115 748 460 185 356 29 244 626 0 438 913 501 186 822 896 562 546 953 196 222 2 776 29 627 996 667 928 244 917 148 382 96 99 318 538 838 951 569 537 266 475 323 249 116 400 650 920 743 571 940 82 783 137 806 326 496 726 778 296 747 383 837 105 199 806 792 606 95 829 877 521 985 617 45 245 628 792 298 877 779 243 847
887 698 124 383 137 40 471 205 796 689 428 55 442 654 260 878 96 645 987 877 504 641 413 989 304 841 440 730 915 900 170 518 954 230 731 104 901 12 836 194 545 474 956 103 651 369 601 764 105 913 759 412 965 414 611 358 318 713 429 767 568 631 539 942 958 324 473 175 248 513 105 917 536 557 207 777 566 640 508 31 226 919 583 402 353 811 441 142 179 272 849 700 776 295 417 883 62 755 792 626
692 322 577 741 432 76 68 832 551 870 191 814 25 649 427 768 373 569 688 459 480 242 602 929 890 135 414 647 672 409 945 844 20 198 482 560 829 995 53 228 441 520 251 519 914 676 693 185 614 389 678 433 308 856 321 344 39 747 301 91 318 356 928 47 809 327 312 684 954 142 267 384 203 88 295 895 260 857 587 894 458 951 285 518 89 194 746 740 509 367 288 698 988 333 638 33 837 783 98 676
270 864 961 512 955 917 2 942 969 660 290 179 449 90 255 403 807 827 470 406 869 577 965 791 648 115 305 87 623 503 187 790 351 117 266 503 858 802 651 643 903 669 130 766 318 834 149 56 993 231 743 892 127 736 615 806 983 692 799 318 249 396 949 93 290 655 543 545 62 317 798 771 404 455 413 506 199 758 551 960 404 718 246 497 428 680 648 284 502 362 101 43 965 820 877 601 315 514 543 274
791 262 173 259 250 728 874 261 5 316 848 943 422 418 234 348 284 327 417 278 593 732 83 901 445 230 646 233 654 846 175 419 970 208 407 499 369 858 664 442 717 917 2 7 163 681 998 918 981 60 432 543 866 417 592 637 878 582 714 51 868 769 7 155 426 871 839 308 317 142 882 742 661 611 94 867 732 165 916 641 670 986 690 70 471 364 843 240 178 466 844 347 265 915 245 297 683 570 829 158
730 136 922 864 96 904 100 833 839 802 80 937 152 124 976 948 718 27 662 204 561 600 565 285 931 495 706 904 311 545 10 620 947 909 615 614 641 841 894 312 918 752 511 502 378 214 912 229 747 135 591 975 961 841 787 329 55 457 524 776 729 816 673 597 128 706 907 569 194 289 645 143 910 139 58 177 421 497 297 263 425 88 927 299 135 570 443 956 472 480 447 618 561 160 615 953 176 332 553 466
782 548 787 563 446 304 487 982 427 580 626 718 994 920 299 632 970 906 452 687 295 328 310 114 40 409 724 69 775 672 413 202 953 690 952 103 727 59 62 639 688 937 788 896 494 363 330 834 719 749 416 988 670 387 624 987 520 887 631 117 357 339 134 530 315 919 775 732 372 90 706 89 806 452 288 700 451 447 985 869 387 720 978 360 218 41 356 359 863 714 307 255 306 404 707 133 740 772 457 120
68 472 852 71 189 490 163 288 620 997 923 334 632 294 665 223 153 194 670 891 0 281 239 10 67 47 468 364 801 740 820 417 806 363 145 304 49 622 311 697 933 626 164 259 613 436 377 849 384 795 265 934 599 74 55 400 30 483 668 289 274 190 910 46 333 524 924 938 643 520 864 376 619 897 358 990 781 372 607 199 456 3 919 272 604 592 313 989 952 570 793 248 131 394 983 280 105 23 469 48
657 212 766 127 88 721 78 746 776 775 205 106 475 2 487 113 295 665 529 23 382 601 808 207 728 792 358 692 639 507 384 56 501 821 419 617 525 717 64 816 914 151 694 725 802 386 254 505 721 37 99 279 784 129 60 494 87 255 154 905 342 704 899 476 810 721 257 394 232 786 989 573 316 157 680 126 841 129 997 42 544 169 834 368 571 479 194 652 256 742 98 992 690 39 98 402 170 706 983 516
979 966 966 956 266 439 106 383 751 158 519 535 679 921 160 789 419 633 738 585 478 58 639 737 267 160 987 478 726 819 183 379 431 958 457 449 358 403 113 497 60 957 79 152 226 729 619 799 112 418 453 774 277 23 894 244 645 932 551 264 762 254 130 187 631 963 685 222 693 132 877 454 836 81 762 141 208 561 819 244 756 657 865 809 414 936 978 824 302 545 689 717 14 915 302 121 458 313 870 446
258 525 861 746 296 568 383 308 647 273 887 406 389 147 811 88 77 844 747 628 638 968 316 604 705 15 979 398 156 161 727 623 189 737 198 784 852 274 371 880 314 378 90 267 588 485 419 594 772 248 476 285 913 472 97 184 301 281 657 255 139 632 255 468 564 870 830 865 798 895 937 595 681 550 571 949 104 709 487 229 263 935 391 454 525 667 259 6 372 381 279 30 838 27 31 485 783 97 155 685
458 222 349 68 341 210 950 395 241 111 574 258 13 526 795 837 552 208 564 737 692 209 370 370 480 706 690 897 420 333 256 214 209 83 84 134 919 321 34 856 149 821 81 952 286 844 27 459 998 495 993 312 263 841 255 600 186 479 954 96 206 443 628 642 778 205 384 226 528 586 998 467 999 76 406 656 927 190 506 378 824 680 940 240 199 320 601 977 509 573 777 620 153 425 972 798 504 891 877 344
584 405 327 326 531 421 472 469 178 772 575 808 470 650 980 331 667 264 503 306 634 215 746 600 254 985 454 512 452 821 870 611 571 737 38 195 703 9 107 963 357 247 64 343 338 887 396 83 696 621 241 758 661 78 107 602 627 465 271 324 280 92 611 325 691 517 758 150 153 897 735 223 821 613 916 684 19 952 598 981 560 527 383 430 498 28 171 506 326 680 164 959 253 615 279 451 740 238 352 862
587 272 366 122 67 646 867 319 477 62 758 704 599 421 278 749 153 334 385 634 289 988 11 913 87 570 329 380 808 425 924 695 995 703 942 20 793 837 331 997 954 168 635 705 607 471 145 463 818 39 980 882 14 434 482 528 912 922 116 127 860 250 812 897 960 582 65 137 385 75 224 275 110 842 94 409 833 163 235 941 859 411 607 704 113 958 78 828 854 647 667 108 524 657 849 370 36 176 257 532
947 528 820 622 730 299 729 806 317 715 498 601 24 324 957 834 437 583 945 868 771 152 985 696 654 118 251 115 595 361 896 442 150 974 267 68 674 739 992 942 264 49 874 756 452 972 81 475 452 858 768 674 887 787 284 642 285 453 791 55 503 95 32 594 985 166 852 852 161 597 722 581 541 787 973 307 38 99 934 391 154 116 167 517 604 291 525 645 256 739 794 977 892 976 895 644 213 949 288 906
519 321 474 470 937 589 434 105 674 364 384 647 465 326 420 884 799 74 517 340 314 123 112 315 66 464 746 810 729 392 941 531 445 195 6 745 358 336 351 210 757 928 278 911 855 291 552 165 213 237 56 981 155 391 596 208 799 145 498 619 655 224 482 915 4 264 718 816 127 619 737 911 407 839 511 662 708 117 366 553 992 776 462 795 600 671 32 303 464 491 652 650 687 353 731 548 912 891 493 799
589 943 180 115 811 591 726 656 276 806 970 389 282 442 269 566 475 226 903 601 612 479 922 316 794 115 235 171 537 313 408 793 4 50 467 907 925 943 301 126 969 864 522 144 481 179 380 311 317 382 251 930 953 974 329 53 406 855 978 62 928 52 23 523 959 53 380 473 717 862 618 794 608 140 944 924 446 228 371 371 803 124 649 16 931 281 329 420 82 255 929 750 280 452 429 428 663 472 766 21
603 932 760 516 781 373 903 980 225 274 141 546 996 471 148 406 650 635 412 572 443 473 106 967 950 826 754 686 969 248 310 397 702 286 381 584 781 759 16 802 923 416 16 527 501 181 766 214 563 157 412 353 78 857 764 606 66 975 157 874 794 374 898 932 897 271 981 48 996 527 645 4 523 179 721 42 218 496 719 878 712 442 438 367 130 290 549 596 536 33 423 124 131 384 80 935 636 833 980 627
667 282 649 637 322 261 841 311 438 845 31 871 763 635 866 4 115 469 453 535 542 803 780 88 83 936 121 591 952 546 462 521 910 599 663 693 80 893 955 256 337 602 359 230 212 398 992 576 498 252 554 494 781 927 839 424 614 693 757 324 610 775 175 971 331 956 529 259 215 642 196 777 344 307 873 591 591 698 421 91 871 2 954 805 390 568 635 177 641 809 211 248 166 104 147 118 173 243 894 558
312 845 156 193 722 623 301 164 682 834 321 309 769 77 833 830 170 680 188 88 773 704 781 721 612 631 407 200 355 12 313 729 178 48 420 959 232 426 131 526 457 67 370 516 44 801 508 260 38 1 34 621 550 576 677 56 378 951 542 415 109 640 627 637 862 247 962 78 848 399 957 19 355 944 348 50 523 83 320 520 645 979 30 506 421 18 642 457 910 345 915 224 703 261 889 680 837 478 165 981
462 829 678 278 685 608 21 571 364 286 965 393 335 734 695 226 918 479 905 592 141 814 625 998 135 397 119 363 926 365 275 411 457 508 416 483 531 696 967 72 769 674 11 255 277 409 240 955 744 743 601 313 511 169 9 987 796 171 359 881 656 993 188 530 232 638 300 655 791 880 267 214 209 682 680 46 59 556 709 243 592 110 22 173 731 982 55 370 436 963 88 535 434 193 881 603 853 889 546 905
260 574 651 142 429 470 828 687 470 633 549 943 915 378 876 279 949 553 829 280 686 892 152 329 208 517 951 652 151 919 543 992 601 89 799 61 459 315 114 585 350 146 31 219 406 98 608 998 898 376 689 32 227 528 493 543 941 83 968 53 5 467 868 708 934 731 240 99 958 45 909 170 112 56 742 362 506 495 597 998 144 717 189 6 67 217 908 556 976 405 115 557 275 859 430 536 860 498 458 398
934 213 425 352 582 462 779 738 478 552 364 832 20 800 34 764 112 940 813 987 341 292 687 513 386 609 876 511 83 389 686 228 389 507 770 892 696 460 557 692 589 15 186 934 102 98 640 378 962 801 428 584 638 558 533 98 372 395 433 290 911 580 37 4 871 31 363 308 786 607 329 757 725 335 874 348 297 194 420 345 706 433 279 886 223 380 141 724 50 81 211 804 247 686 450 736 555 111 893 6
582 602 282 912 659 905 471 722 615 784 171 680 967 666 575 627 103 515 334 338 435 70 935 569 193 520 744 743 975 76 275 389 890 846 422 583 634 893 638 414 262 350 762 155 974 419 706 70 601 33 31 952 809 129 216 887 55 844 558 170 847 669 758 373 538 804 322 623 111 402 437 777 297 253 453 252 718 713 636 13 468 698 450 404 875 87 922 209 497 754 489 162 875 33 72 60 197 530 417 672
190 502 628 621 535 471 100 933 460 845 335 530 885 796 177 472 97 92 582 13 384 719 215 846 690 370 894 194 455 979 144 957 754 336 664 458 966 79 211 374 484 95 358 469 20 925 299 680 922 355 518 113 423 584 641 315 611 601 536 973 317 995 471 574 747 141 815 580 811 474 341 84 721 42 716 65 840 593 692 540 249 435 804 261 268 756 951 432 801 304 260 199 558 163 392 455 781 339 212 669
204 331 723 52 448 394 807 236 428 523 340 767 347 550 330 133 999 4 195 486 831 605 454 331 970 732 34 601 931 357 156 414 656 192 454 277 573 17 139 270 180 624 821 291 692 927 556 833 891 89 447 893 804 365 776 193 306 422 439 494 948 912 245 474 693 227 856 734 986 948 570 600 934 968 511 638 559 278 933 440 797 823 970 636 992 181 269 931 315 264 264 170 49 101 778 237 305 956 697 431
491 239 192 356 161 730 550 843 662 234 226 577 57 92 995 46 472 520 418 713 808 705 562 667 685 333 964 121 504 605 624 712 910 640 915 995 373 526 0 753 117 237 634 70 605 710 967 585 701 426 376 763 725 285 470 356 595 374 763 793 848 774 117 615 660 917 415 481 982 407 788 529 562 332 210 800 232 762 467 458 821 514 247 222 465 462 970 908 138 16 58 55 45 921 37 724 428 129 943 548
483 511 579 853 961 570 625 7 294 96 587 46 511 651 379 651 386 67 978 687 16 477 730 960 388 210 88 510 263 382 196 90 737 973 276 513 350 124 648 512 185 222 875 454 962 921 149 622 344 224 572 603 793 541 61 936 917 266 546 695 984 792 184 696 384 197 105 77 136 271 151 970 34 526 500 681 371 353 869 273 619 685 835 74 266 204 320 414 31 158 297 857 341 109 890 249 885 693 700 308
256 218 923 843 323 865 142 305 235 473 84 39 998 262 299 222 156 601 336 444 408 79 547 351 83 757 577 701 813 846 272 873 735 725 187 942 865 911 759 291 797 62 988 857 379 538 123 652 861 132 682 665 86 156 673 232 323 372 111 450 852 666 580 960 654 145 43 357 22 661 58 304 867 610 723 77 749 965 532 574 696 332 218 334 554 523 779 122 939 209 573 859 698 702 602 797 647 247 496 847
392 84 39 150 577 444 738 821 278 603 637 79 990 316 795 520 245 480 887 778 814 835 529 826 189 688 276 557 61 452 520 829 37 903 220 613 882 826 281 219 531 52 444 829 301 91 277 521 81 442 701 541 835 215 234 146 54 489 675 339 428 652 964 721 407 162 17 151 539 638 241 719 92 975 353 5 295 981 538 613 487 158 899 955 852 642 20 21 502 819 395 343 347 512 295 995 40 619 84 58
678 116 403 568 691 786 929 94 79 152 211 469 747 521 505 90 417 352 401 975 844 413 167 246 632 101 48 683 527 103 498 763 735 188 960 222 8 42 276 62 443 770 81 792 530 266 861 858 461 658 512 131 889 26 331 43 488 571 257 575 926 812 785 491 884 25 304 89 29 483 182 895 191 450 611 300 315 417 11 670 784 485 321 854 691 142 883 596 924 714 852 516 550 463 902 497 185 847 610 501
207 197 970 954 147 909 917 351 911 871 908 999 955 888 75 808 436 837 669 768 90 304 103 431 274 554 899 761 329 410 17 366 470 152 854 876 935 71 201 320 842 895 351 418 220 542 700 622 315 167 174 819 118 174 767 46 384 479 779 694 503 47 207 86 932 141 662 165 251 934 777 998 83 943 515 544 568 598 107 383 643 265 893 63 367 392 929 487 540 922 560 547 234 291 399 643 558 648 854 703
921 831 423 140 845 87 129 626 523 95 764 912 476 598 315 929 888 993 903 395 101 160 367 563 268 228 260 386 385 115 228 589 519 377 33 482 363 286 783 394 728 298 22 777 744 614 511 182 928 484 829 677 996 292 553 203 333 334 378 525 609 356 700 362 942 556 464 249 100 37 177 575 648 3 301 661 314 465 805 683 354 799 554 917 284 131 397 503 407 97 543 670 459 255 159 696 345 202 374 627
926 100 144 84 528 57 778 303 341 112 92 32 161 873 671 942 147 98 152 62 184 347 845 250 519 927 837 724 92 739 464 731 375 842 806 875 802 545 769 47 407 735 479 35 517 455 498 322 198 555 620 662 288 127 365 4 491 283 941 727 802 268 347 159 454 691 643 4 276 548 208 767 651 170 645 709 146 668 640 699 622 688 149 482 739 296 7 721 772 926 76 362 336 35 229 759 191 344 763 458
738 672 689 184 655 174 74 232 214 397 588 946 900 382 441 820 207 991 471 624 750 432 169 35 161 227 922 101 451 674 308 209 83 458 382 892 734 370 594 449 201 507 156 828 3 902 155 929 549 270 989 667 681 463 559 591 331 600 530 96 614 261 311 89 93 428 577 863 786 100 593 603 338 124 811 168 121 540 280 380 824 911 715 613 568 180 631 575 457 116 11 880 367 673 834 6 737 171 683 429
177 349 356 276 544 939 478 224 921 895 648 274 643 881 879 844 338 175 2 816 595 804 996 490 464 352 510 940 47 258 627 551 218 262 726 943 371 498 62 589 927 658 427 174 522 884 461 875 782 861 481 969 26 372 682 332 334 474 562 908 830 292 108 451 488 125 613 592 229 304 78 321 446 448 561 519 792 713 613 184 988 962 64 184 430 396 867 236 638 199 883 963 904 674 798 681 534 945 661 158
934 994 657 180 227 619 459 136 652 682 377 271 30 675 385 938 229 905 558 375 333 10 703 680 746 180 202 954 132 733 263 692 61 945 160 371 209 31 75 868 381 853 511 991 978 146 726 728 44 291 255 985 191 316 442 450 420 766 314 195 685 930 929 779 983 601 352 670 49 673 626 446 96 539 348 574 239 965 870 574 660 68 404 480 147 782 472 717 945 20 789 950 417 302 818 107 880 677 749 2
803 533 197 681 415 958 514 954 3 331 299 468 812 18 153 750 611 405 559 840 833 816 733 342 924 415 689 262 558 320 684 755 567 650 389 84 151 986 456 324 1 626 317 655 641 146 140 304 284 429 328 622 319 3 8 327 449 69 808 721 162 293 949 76 941 440 866 139 388 263 241 646 631 856 209 498 224 879 443 671 968 397 809 325 460 536 720 866 761 532 582 110 642 929 265 902 817 880 374 774
184 481 747 238 176 604 754 181 773 340 243 626 22 141 251 835 170 388 924 786 134 527 262 824 176 548 959 803 306 715 37 160 54 718 126 179 515 645 129 811 513 989 359 808 980 201 491 365 333 522 837 398 320 865 735 246 171 905 275 447 842 45 337 135 95 835 929 613 822 402 392 928 62 512 437 773 707 213 664 3 453 648 48 1 600 706 589 48 200 340 688 700 419 476 606 380 936 445 195 958
0 641 133 370 325 2 917 453 976 8 885 104 877 588 312 978 476 578 200 142 334 842 960 379 890 17 151 755 583 611 734 145 437 392 232 413 899 1 506 812 223 56 443 322 591 48 633 928 753 694 591 685 564 364 612 837 110 301 369 931 587 538 16 851 341 189 795 287 867 384 279 9 103 723 620 713 629 132 572 576 952 18 755 499 461 202 242 444 885 683 546 782 704 41 35 319 246 238 843 181
465 424 175 13 333 368 245 592 446 779 979 552 799 172 144 704 93 367 612 980 458 260 803 592 117 244 837 524 247 129 559 337 527 34 587 584 37 783 261 467 601 336 76 521 479 876 225 241 755 249 73 191 225 907 876 173 533 296 185 364 216 978 607 380 892 172 15 639 166 289 237 276 679 290 939 794 317 992 616 771 519 997 548 317 589 675 970 437 723 153 73 728 771 342 681 575 194 328 907 333
39 332 50 391 832 733 217 609 956 796 698 421 792 749 931 701 950 686 514 545 791 596 596 559 945 844 761 78 210 690 227 315 452 320 636 600 944 592 93 292 916 508 693 560 287 174 849 290 685 660 215 949 197 735 202 689 925 651 403 395 280 680 377 451 57 888 265 705 512 423 539 526 161 942 532 190 639 313 833 747 945 389 621 214 701 150 457 348 179 932 54 985 82 883 350 547 904 723 774 239
946 619 568 952 727 394 8 100 95 947 985 994 434 367 618 869 397 268 670 813 513 330 14 526 689 851 447 840 239 284 55 443 339 390 688 855 921 719 285 811 707 841 321 653 565 290 179 352 202 506 962 985 576 680 227 849 122 92 561 201 668 977 820 593 309 421 540 727 698 766 567 455 392 952 613 793 321 75 444 880 505 19 345 469 857 403 491 529 51 998 943 417 817 533 259 0 940 265 471 715
616 344 258 586 104 720 237 381 95 455 238 15 511 454 901 976 752 69 799 939 746 840 953 42 328 156 259 869 237 632 729 730 736 951 800 271 519 477 867 999 158 84 318 133 529 616 772 877 666 925 848 637 243 928 545 327 529 489 560 766 198 676 152 576 986 224 492 736 483 827 453 597 465 790 754 88 354 754 860 575 915 658 344 675 580 766 896 697 6 975 174 897 761 370 813 776 789 655 6 851
430 272 987 262 35 282 639 892 445 214 20 538 597 365 910 996 227 823 401 896 166 345 31 652 2 428 222 415 38 109 403 299 347 734 337 848 898 609 208 218 425 788 891 790 803 755 876 276 598 363 730 337 894 52 226 388 229 727 512 97 556 593 69 656 592 749 712 662 268 803 718 417 2 72 687 465 329 698 737 442 682 951 884 524 671 831 270 385 510 846 610 788 960 624 143 408 706 359 789 384
273 853 173 434 686 909 988 275 364 532 676 503 530 95 853 668 786 115 759 928 677 325 688 471 408 131 759 659 647 217 580 196 346 547 510 224 322 701 436 270 73 984 493 51 119 441 107 915 562 427 578 894 378 145 226 31 254 149 350 124 943 319 302 29 592 97 144 879 233 98 114 999 683 311 943 447 472 837 86 812 10 42 260 817 927 147 292 207 418 726 114 696 478 146 960 979 573 758 196 729
289 634 889 238 437 144 129 586 908 47 180 735 453 736 799 680 128 29 733 724 448 745 147 54 485 696 661 614 504 214 344 803 335 699 561 25 613 276 948 586 136 644 236 13 223 317 380 694 417 92 476 179 12 568 663 892 480 552 323 159 895 709 941 912 227 849 685 321 5 431 761 723 25 451 877 245 96 881 444 876 352 567 715 447 196 992 978 169 383 283 847 786 945 233 559 770 903 675 282 536
2 363 929 283 980 342 364 548 676 924 956 437 995 727 924 357 496 237 38 876 96 241 711 851 754 158 476 599 870 919 173 546 639 124 380 301 453 594 912 969 102 371 643 339 407 452 585 438 28 948 961 659 927 817 675 819 321 136 841 7 897 233 376 231 925 351 320 5 947 720 112 978 433 642 190 344 208 718 748 419 102 300 887 493 854 931 182 536 142 270 688 300 991 934 379 403 661 311 619 746
538 941 200 408 785 822 265 637 925 205 891 844 631 277 945 61 134 315 138 526 281 811 147 221 210 126 527 394 502 483 675 801 72 746 488 808 419 209 716 128 529 615 490 766 609 524 953 7 425 714 983 220 843 775 187 304 600 375 122 724 373 230 38 221 964 178 344 784 174 68 276 514 361 743 834 48 215 648 325 282 562 899 819 398 564 774 192 780 367 438 613 832 564 377 217 601 246 195 671 317
914 311 116 349 357 997 275 328 426 563 801 101 14 69 682 576 484 325 882 803 399 516 553 701 271 174 991 116 906 326 570 50 755 575 154 832 788 31 726 741 322 120 785 738 968 836 223 858 615 156 492 572 255 864 314 130 994 891 690 9 692 253 329 105 113 769 272 545 7 276 163 717 502 850 309 391 812 767 459 583 338 932 298 280 255 763 803 921 444 316 591 471 34 16 896 168 994 90 348 124
456 107 71 339 693 279 292 429 327 874 982 158 850 527 278 482 921 817 167 897 708 696 176 542 940 523 627 252 516 838 814 771 224 598 757 268 399 628 791 762 690 88 663 296 97 558 175 177 621 64 32 522 33 823 330 310 919 604 685 744 414 188 706 562 675 794 473 88 481 93 165 104 262 431 654 373 304 928 376 897 300 881 888 202 898 519 908 603 526 78 330 363 556 335 114 571 131 776 791 894
672 683 803 592 902 386 620 148 518 8 817 132 53 404 989 840 461 824 357 712 173 204 814 653 219 652 990 571 517 139 379 823 561 575 768 427 578 751 233 227 245 281 240 493 12 677 979 56 476 194 72 264 771 274 906 717 9 130 439 1 463 684 72 730 85 249 31 956 892 154 595 459 730 681 928 335 896 418 534 568 130 58 720 160 373 601 218 661 35 166 531 658 667 464 186 437 852 35 134 687
726 348 506 346 895 489 798 797 624 129 878 308 568 132 358 243 321 415 14 454 377 570 18 732 941 138 960 879 654 75 672 142 29 787 404 493 400 359 936 975 937 365 100 378 242 247 407 603 524 649 902 134 791 591 486 356 749 798 20 647 536 514 838 466 41 53 99 365 104 807 744 658 215 86 913 351 970 647 238 996 939 545 77 831 50 848 47 238 599 776 562 679 688 290 741 311 866 351 390 36
557 543 749 207 786 852 614 331 669 174 542 32 47 263 822 846 302 513 339 317 787 639 655 780 500 726 954 883 520 256 854 10 423 52 415 520 213 359 94 148 375 305 403 203 841 869 56 154 737 78 834 888 881 971 691 861 145 730 819 979 594 307 505 308 949 862 317 820 347 602 653 25 961 927 508 452 772 802 924 591 587 840 900 560 309 641 964 608 516 516 392 689 826 323 784 303 249 256 478 702
853 724 821 725 892 216 625 920 752 710 109 764 459 408 9 733 441 699 630 343 276 485 806 316 220 712 419 951 557 931 793 136 805 267 431 62 601 865 276 281 875 112 217 782 597 55 120 527 675 985 236 124 686 893 451 725 218 553 471 544 492 110 768 630 392 240 410 903 847 156 194 110 350 240 260 600 174 767 508 801 905 610 441 763 279 862 655 997 835 165 465 749 638 175 130 139 870 195 866 557
893 674 973 258 624 4 279 831 753 712 393 308 721 840 910 52 278 342 439 736 311 266 558 77 878 294 660 53 703 442 326 324 154 899 316 124 808 278 58 851 737 104 780 523 447 143 942 426 348 536 994 302 845 6 204 222 278 729 540 25 735 462 9 260 495 49 680 756 682 388 704 757 821 702 807 883 476 244 525 73 838 800 997 763 936 392 322 2 8 227 830 948 564 389 633 635 501 615 986 73
803 43 712 458 362 754 675 98 681 805 45 914 301 639 748 95 72 457 11 559 615 605 901 116 817 584 131 264 55 123 527 151 564 543 823 559 949 502 353 144 659 87 209 358 736 825 168 214 453 772 356 671 801 251 271 214 625 275 905 440 257 662 875 590 344 861 565 407 951 146 111 122 11 218 213 218 885 525 435 373 477 286 549 114 996 15 362 450 720 279 443 721 927 850 326 8 97 996 750 130
34 76 361 781 169 546 311 780 248 483 336 112 744 847 987 393 797 26 839 445 203 527 791 60 811 583 237 40 914 976 360 893 981 246 772 80 155 654 521 4 643 330 25 451 396 482 90 133 265 846 109 785 20 810 221 301 840 283 986 327 150 485 915 47 450 212 630 337 644 568 815 855 883 212 153 550 329 859 118 963 248 516 88 769 202 264 973 533 797 950 346 204 824 709 152 956 354 117 66 407
476 403 650 996 271 578 816 329 457 722 331 924 764 959 923 872 750 562 301 699 549 36 242 247 857 581 390 284 949 346 641 65 602 352 916 929 804 541 510 527 55 730 312 77 302 750 206 113 904 387 699 655 376 271 845 919 582 134 404 828 279 684 371 266 101 880 391 85 259 339 724 357 583 833 927 885 880 833 106 337 462 643 235 806 157 439 397 700 337 663 198 632 693 234 491 483 809 615 305 535
