40
111 514 849 503 521 513 124 485 737 843 365 601 355 979 118 269 469 614 164 190 830 570 441 579 282 556 333 448 278 184 289 186 863 2 89 249 213 362 879 822
655 618 822 700 679 365 820 664 182 285 301 851 425 951 841 32 419 417 844 72 904 471 835 185 145 945 590 522 705 923 334 121 610 715 903 914 653 882 337 126
636 866 350 890 788 763 114 709 87 202 330 13 588 944 283 378 821 283 221 267 104 45 740 504 397 162 115 425 846 986 795 288 803 709 93 550 568 553 524 205
382 171 225 752 831 667 207 902 762 742 625 970 324 641 449 281 100 599 319 519 864 169 622 836 233 841 266 809 927 599 422 610 817 636 298 814 277 308 369 918
763 259 429 726 423 500 110 691 945 169 675 586 492 787 256 68 948 323 141 410 293 989 550 766 548 919 170 101 41 728 254 527 61 301 629 604 191 177 915 637
693 555 566 602 683 381 894 962 849 364 371 747 958 491 905 590 734 94 46 609 688 166 612 841 991 608 850 62 353 458 110 123 54 662 783 712 423 25 826 71
724 716 777 36 24 370 621 324 154 83 160 434 271 453 352 37 429 591 73 10 801 177 142 696 760 898 486 573 253 587 696 653 815 914 844 704 894 704 561 560
238 495 975 903 547 365 567 63 715 822 544 479 490 100 128 853 847 553 731 927 494 548 899 795 471 560 434 15 507 830 224 681 162 629 661 161 548 801 142 23
637 344 43 936 254 267 612 578 669 97 446 52 132 492 711 852 620 861 195 777 738 568 678 137 983 240 184 385 5 428 531 793 681 480 988 435 291 673 172 14
49 308 581 840 505 833 230 417 239 815 480 952 900 126 538 995 868 994 589 711 751 429 923 189 420 680 815 939 993 118 94 889 513 509 378 64 786 834 282 57
114 376 797 448 386 408 215 892 67 580 685 448 631 392 904 168 469 942 973 382 638 760 578 920 577 243 80 256 641 57 746 200 18 359 997 759 733 288 722 952
559 950 807 618 238 22 852 72 414 671 81 372 665 952 979 667 183 943 429 784 199 973 15 175 629 497 333 510 841 8 124 637 943 533 219 161 80 443 541 127
233 390 515 32 727 831 652 992 397 253 161 107 594 763 706 771 711 250 646 720 296 645 250 882 663 338 800 748 298 323 344 661 10 850 820 64 706 574 163 286
751 562 118 338 752 896 703 946 761 468 718 178 893 528 448 337 412 846 572 674 348 928 682 651 687 620 460 897 311 612 799 131 280 375 812 521 568 204 803 746
184 767 384 964 480 577 178 249 380 255 331 914 533 618 333 343 647 937 672 531 311 478 360 855 302 561 773 985 431 965 524 361 258 860 445 500 845 651 652 723
609 331 388 216 971 39 314 579 4 959 461 751 906 712 800 46 97 501 781 298 292 574 189 304 651 752 60 838 984 176 990 246 362 113 959 276 732 204 619 429
490 694 644 265 290 428 587 29 588 406 631 680 347 114 561 576 367 759 958 522 958 514 585 218 778 293 51 623 340 239 617 926 333 948 425 702 654 148 120 996
409 996 786 959 765 88 331 929 167 852 892 977 4 603 152 5 224 459 965 80 304 258 389 335 518 842 526 738 490 983 693 816 485 785 405 514 66 373 232 750
818 338 602 192 89 1 67 849 879 891 300 419 294 937 702 930 297 295 330 84 868 715 686 746 627 614 261 302 253 450 90 589 377 706 986 860 379 748 912 581
797 132 127 558 32 208 972 344 676 381 781 229 5 478 502 959 985 953 133 337 23 947 791 27 517 620 449 974 996 859 397 674 657 709 687 796 38 646 363 545
8 610 977 774 486 979 910 110 434 809 131 53 722 275 648 311 362 559 209 461 137 200 76 605 329 309 138 896 878 403 796 496 452 669 757 848 39 99 24 556
242 188 133 143 1000 569 509 99 135 874 195 709 159 818 556 637 234 891 864 733 416 143 732 479 417 896 687 807 649 935 674 374 52 360 930 951 638 155 531 110
627 145 927 174 299 397 249 571 979 928 432 759 833 36 835 436 157 553 470 857 279 77 49 580 234 548 973 760 537 232 793 785 83 271 992 846 896 169 374 799
293 421 235 469 436 342 171 178 610 404 341 487 70 451 71 839 271 245 750 469 470 791 603 510 866 114 236 857 746 211 716 84 434 933 53 500 63 812 368 622
83 847 466 745 901 482 333 645 513 273 685 677 144 99 819 197 970 777 325 602 979 361 691 341 508 367 525 648 984 500 480 527 710 937 85 810 281 641 808 83
313 798 635 617 620 587 949 923 759 804 236 82 553 263 232 453 432 265 117 977 345 157 889 769 842 199 335 294 797 172 217 425 818 6 705 875 547 690 433 944
355 466 324 210 13 982 987 12 454 480 478 72 293 295 456 902 170 199 643 772 688 492 847 233 909 823 10 840 388 245 319 913 178 945 194 72 183 235 252 169
427 246 958 585 718 787 812 828 252 855 961 868 867 792 653 280 624 536 904 612 448 101 859 382 141 177 317 986 859 904 567 171 21 894 91 231 852 365 358 97
970 765 482 606 784 121 159 729 876 88 612 96 410 173 659 307 509 88 457 201 744 28 331 855 738 588 20 442 442 953 177 572 801 413 276 797 223 116 770 212
726 729 699 47 617 548 930 815 955 912 947 233 473 284 309 923 978 14 868 755 115 484 911 421 741 256 34 914 50 854 957 635 658 25 682 413 393 667 188 815
192 319 468 376 565 834 563 791 314 239 570 235 218 917 3 727 914 255 676 246 385 651 581 488 207 852 238 669 512 824 429 683 805 788 113 62 460 57 730 307
413 647 311 771 417 518 54 639 271 285 872 864 59 288 736 165 392 658 726 894 234 429 390 954 907 636 433 137 590 361 698 850 755 642 934 417 751 137 329 937
7 519 663 735 556 916 157 91 191 720 640 859 536 929 949 862 907 571 173 355 401 195 793 981 51 742 689 544 855 411 394 511 219 803 211 130 588 371 829 267
895 221 478 297 67 839 863 627 472 556 406 755 721 742 99 321 59 862 815 758 173 244 611 733 192 825 760 166 920 951 677 776 953 745 720 695 499 775 361 525
582 955 750 90 125 541 202 746 636 359 29 132 517 754 741 889 364 429 493 724 790 440 973 406 236 965 294 601 227 211 193 606 66 328 61 24 815 729 674 776
292 563 992 366 449 491 131 313 1 436 36 864 795 21 388 505 419 884 831 581 866 813 504 924 387 158 5 493 195 233 501 69 709 221 566 668 398 29 741 570
414 628 89 989 892 54 771 551 243 303 990 766 490 711 214 554 490 58 355 214 252 197 382 516 321 393 712 23 823 837 262 189 818 885 837 611 528 505 531 218
582 901 343 609 778 774 462 291 516 73 698 956 215 676 478 433 81 648 957 243 207 445 427 364 236 978 155 379 228 132 689 581 180 953 806 78 495 285 206 170
139 574 203 953 60 611 742 351 342 357 157 873 834 306 898 46 811 385 417 154 351 579 759 225 548 609 517 531 470 790 419 173 791 770 364 655 591 923 892 873
235 862 706 95 575 665 858 828 231 933 589 869 860 729 68 978 759 263 324 767 121 99 318 205 163 495 715 543 621 244 527 259 667 836 300 463 295 616 573 523
